1706176196.2440922
1706176196.261092
1706176196.2910867
1706176196.306092
1706176196.3180873
1706176196.3280897
1706176196.3420877
1706176196.3580854
1706176196.3740861
1706176196.3910832
1706176196.4060848
1706176196.4200888
1706176196.4390862
1706176196.4540825
1706176196.4710867
1706176196.4860826
1706176196.50308
1706176196.5190804
1706176196.53208
1706176196.549084
1706176196.5650816
1706176196.5820885
1706176196.5920775
1706176196.6080773
1706176196.6240745
1706176196.63908
1706176196.653076
1706176196.671076
1706176196.685078
1706176196.7010744
1706176196.7170737
1706176196.7310724
1706176196.7450755
1706176196.7610745
1706176196.7740748
1706176196.7910705
1706176196.8048606
1706176196.8184638
1706176196.8284683
1706176196.8394656
1706176196.8544624
1706176196.8714743
1706176196.8954685
1706176196.9094656
1706176196.9194624
1706176196.9334602
1706176196.9484613
1706176196.964456
1706176196.9794579
1706176196.9934587
1706176197.0094576
1706176197.02346
1706176197.0344584
1706176197.043458
1706176197.056459
1706176197.0724533
1706176197.0864596
1706176197.1024606
1706176197.1184525
1706176197.1334553
1706176197.1474507
1706176197.1624508
1706176197.1764588
1706176197.189451
1706176197.2024486
1706176197.2124531
1706176197.2254508
1706176197.2414486
1706176197.2574537
1706176197.2734623
1706176197.292459
1706176197.3114526
1706176197.3244526
1706176197.341453
1706176197.351445
1706176197.3664508
1706176197.3764434
1706176197.3894432
1706176197.3994436
1706176197.4114537
1706176197.4254422
1706176197.4484527
1706176197.460445
1706176197.4754415
1706176197.4904442
1706176197.5054424
1706176197.51944
1706176197.5314496
1706176197.541439
1706176197.554442
1706176197.5664396
1706176197.580438
1706176197.5954385
1706176197.6114469
1706176197.6264374
1706176197.6424365
1706176197.6584363
1706176197.6744342
1706176197.6914337
1706176197.7074382
1706176197.723435
1706176197.7394335
1706176197.7544372
1706176197.7694292
1706176197.7844307
1706176197.8004303
1706176197.8158078
1706176197.8308046
1706176197.8488142
1706176197.863822
1706176197.882803
1706176197.8978024
1706176197.9128046
1706176197.927805
1706176197.9428003
1706176197.9598038
1706176197.977805
1706176197.9888017
1706176198.0047982
1706176198.019803
1706176198.0367992
1706176198.0527987
1706176198.0687966
1706176198.0837955
1706176198.0977955
1706176198.1137934
1706176198.1277988
1706176198.1427963
1706176198.1577969
1706176198.1728005
1706176198.187798
1706176198.1998074
1706176198.2087975
1706176198.218791
1706176198.2327907
1706176198.2477915
1706176198.2597957
1706176198.2735214
1706176198.2845237
1706176198.3075218
1706176198.3195233
1706176198.3325236
1706176198.3525388
1706176198.3625236
1706176198.3765204
1706176198.3925202
1706176198.4085178
1706176198.425518
1706176198.43952
1706176198.4535193
1706176198.4685187
1706176198.480522
1706176198.4925234
1706176198.5055158
1706176198.5195181
1706176198.5345142
1706176198.544518
1706176198.556516
1706176198.5665185
1706176198.5785177
1706176198.5935152
1706176198.608511
1706176198.6225116
1706176198.6355155
1706176198.6445115
1706176198.6655107
1706176198.6755128
1706176198.6895103
1706176198.7025084
1706176198.7175097
1706176198.7325065
1706176198.7435138
1706176198.7595139
1706176198.7705457
1706176198.785506
1706176198.8005075
1706176198.8227088
1706176198.8353822
1706176198.8523803
1706176198.8683822
1706176198.885378
1706176198.9013777
1706176198.9183798
1706176198.9353757
1706176198.9503832
1706176198.9673822
1706176198.9813738
1706176198.9953752
1706176199.0113845
1706176199.0273728
1706176199.042379
1706176199.058376
1706176199.072375
1706176199.0883722
1706176199.0993786
1706176199.108376
1706176199.1183703
1706176199.131369
1706176199.1474025
1706176199.1585312
1706176199.1675305
1706176199.1815307
1706176199.1974459
1706176199.210465
1706176199.2224615
1706176199.2324631
1706176199.2440727
1706176199.2592046
1706176199.274203
1706176199.290264
1706176199.3052642
1706176199.319268
1706176199.3362625
1706176199.3512645
1706176199.366257
1706176199.3832612
1706176199.4032676
1706176199.4162595
1706176199.43034
1706176199.4452603
1706176199.4612617
1706176199.4762568
1706176199.492257
1706176199.5082557
1706176199.525258
1706176199.5422564
1706176199.5572543
1706176199.5732536
1706176199.5922585
1706176199.6082687
1706176199.6282678
1706176199.6452677
1706176199.660256
1706176199.676253
1706176199.6922534
1706176199.7072494
1706176199.7182631
1706176199.7312462
1706176199.7452486
1706176199.7612536
1706176199.7762456
1706176199.7912452
1706176199.805244
1706176199.8182557
1706176199.834941
1706176199.8439708
1706176199.856995
1706176199.8749943
1706176199.8889935
1706176199.9029953
1706176199.918994
1706176199.9339972
1706176199.9489954
1706176199.9619968
1706176199.9749894
1706176199.984994
1706176199.9989893
1706176200.0179958
1706176200.0319915
1706176200.0469887
1706176200.0619905
1706176200.0759869
1706176200.0899858
1706176200.1019902
1706176200.1139867
1706176200.1249862
1706176200.1399848
1706176200.1539845
1706176200.1649868
1706176200.1749852
1706176200.1879852
1706176200.2029831
1706176200.217983
1706176200.2319837
1706176200.2449858
1706176200.2629917
1706176200.2759976
1706176200.293996
1706176200.3079867
1706176200.3379822
1706176200.3509827
1706176200.3619816
1706176200.3779893
1706176200.3919797
1706176200.407983
1706176200.4219763
1706176200.4389772
1706176200.4539747
1706176200.4689739
1706176200.4839742
1706176200.4989748
1706176200.509976
1706176200.5209725
1706176200.5309727
1706176200.544975
1706176200.5599742
1706176200.574971
1706176200.5859747
1706176200.594972
1706176200.6099706
1706176200.62397
1706176200.63797
1706176200.6529677
1706176200.6669679
1706176200.6809688
1706176200.6899667
1706176200.7039661
1706176200.7139676
1706176200.7249663
1706176200.7359955
1706176200.749967
1706176200.7639666
1706176200.7789655
1706176200.7919626
1706176200.8039663
1706176200.8139622
1706176200.8339736
1706176200.8488345
1706176200.8591645
1706176200.8731766
1706176200.8961766
1706176200.9041767
1706176200.9181755
1706176200.9321737
1706176200.9431815
1706176200.9541852
1706176200.9691775
1706176200.9811761
1706176201.000196
1706176201.0161855
1706176201.0271747
1706176201.0451765
1706176201.0591724
1706176201.0761719
1706176201.094176
1706176201.1051712
1706176201.1211715
1706176201.135169
1706176201.150169
1706176201.167168
1706176201.1831663
1706176201.2001667
1706176201.216165
1706176201.2301643
1706176201.2441647
1706176201.257173
1706176201.2661638
1706176201.2781703
1706176201.2921717
1706176201.3041637
1706176201.313165
1706176201.3211713
1706176201.3291676
1706176201.3461654
1706176201.354162
1706176201.3681715
1706176201.3771596
1706176201.3871684
1706176201.402174
1706176201.4121618
1706176201.42016
1706176201.4341636
1706176201.44516
1706176201.4541564
1706176201.4621596
1706176201.4701557
1706176201.4831557
1706176201.49716
1706176201.510159
1706176201.5191536
1706176201.5271559
1706176201.538155
1706176201.5461533
1706176201.5591547
1706176201.5721533
1706176201.5791547
1706176201.5921578
1706176201.605151
1706176201.6131535
1706176201.6241505
1706176201.637151
1706176201.6451511
1706176201.6561508
1706176201.6641502
1706176201.6711526
1706176201.6851604
1706176201.6921542
1706176201.7021496
1706176201.7131515
1706176201.7211468
1706176201.7301526
1706176201.7431517
1706176201.7521453
1706176201.7611496
1706176201.7731473
1706176201.7811456
1706176201.7921617
1706176201.800156
1706176201.811148
1706176201.8181462
1706176201.8261447
1706176201.8421683
1706176201.8541634
1706176201.8669882
1706176201.875536
1706176201.8875384
1706176201.900542
1706176201.9075418
1706176201.9195335
1706176201.927538
1706176201.9345388
1706176201.9485443
1706176201.9625337
1706176201.9755404
1706176201.9845397
1706176201.9945335
1706176202.007534
1706176202.0145342
1706176202.0265377
1706176202.0405328
1706176202.0545318
1706176202.061533
1706176202.0725312
1706176202.084532
1706176202.0945377
1706176202.102531
1706176202.115541
1706176202.1245275
1706176202.13353
1706176202.146539
1706176202.1545265
1706176202.1625304
1706176202.1705444
1706176202.182528
1706176202.189526
1706176202.197527
1706176202.2115328
1706176202.2215269
1706176202.2295294
1706176202.2425265
1706176202.2565255
1706176202.268527
1706176202.2765236
1706176202.2855327
1706176202.291525
1706176202.3385303
1706176202.357541
1706176202.3695316
1706176202.3805234
1706176202.395539
1706176202.406522
1706176202.4155273
1706176202.429522
1706176202.441522
1706176202.4515195
1706176202.464522
1706176202.4725187
1706176202.4805179
1706176202.4955254
1706176202.5025182
1706176202.5105176
1706176202.524517
1706176202.5355284
1706176202.543514
1706176202.5565243
1706176202.5695143
1706176202.5775328
1706176202.5895216
1706176202.6025143
1706176202.6095135
1706176202.6215186
1706176202.6305275
1706176202.6385148
1706176202.6515112
1706176202.6615174
1706176202.6685092
1706176202.6815102
1706176202.691508
1706176202.6985075
1706176202.7115114
1706176202.7225099
1706176202.7305093
1706176202.7405112
1706176202.7475083
1706176202.758507
1706176202.7705123
1706176202.7775116
1706176202.789506
1706176202.800507
1706176202.8075094
1706176202.8195045
1706176202.825508
1706176202.837504
1706176202.8485105
1706176202.856504
1706176202.8695047
1706176202.8774323
1706176202.8839293
1706176202.8960145
1706176202.9030035
1706176202.9100153
1706176202.9170008
1706176202.9290082
1706176202.9350016
1706176202.946001
1706176202.9540129
1706176202.9620078
1706176202.9739985
1706176202.981007
1706176202.991003
1706176202.9980032
1706176203.0070002
1706176203.0180042
1706176203.023999
1706176203.0369976
1706176203.0430021
1706176203.053996
1706176203.060008
1706176203.0709965
1706176203.081997
1706176203.0880005
1706176203.0999975
1706176203.1059945
1706176203.1169984
1706176203.1229987
1706176203.1339989
1706176203.146022
1706176203.151997
1706176203.164997
1706176203.1709943
1706176203.1809974
1706176203.186995
1706176203.1929965
1706176203.1989963
1706176203.2100182
1706176203.2209966
1706176203.2279952
1706176203.239997
1706176203.2479901
1706176203.2569914
1706176203.2639952
1706176203.2729897
1706176203.2839923
1706176203.2899952
1706176203.3039901
1706176203.3089926
1706176203.319991
1706176203.331989
1706176203.3379896
1706176203.3499866
1706176203.3559873
1706176203.367995
1706176203.3790078
1706176203.384991
1706176203.3979867
1706176203.4039848
1706176203.413988
1706176203.4209855
1706176203.4289868
1706176203.4409862
1706176203.447986
1706176203.458987
1706176203.465984
1706176203.4759886
1706176203.4839866
1706176203.4909868
1706176203.5029848
1706176203.5099916
1706176203.517984
1706176203.523988
1706176203.5379846
1706176203.5489883
1706176203.5559826
1706176203.5689826
1706176203.580989
1706176203.5879822
1706176203.600981
1706176203.6139913
1706176203.6209838
1706176203.6289809
1706176203.6349814
1706176203.6479807
1706176203.6569786
1706176203.6639798
1706176203.6769757
1706176203.6869779
1706176203.693976
1706176203.706974
1706176203.7139752
1706176203.722974
1706176203.7299745
1706176203.7389772
1706176203.7459733
1706176203.7559724
1706176203.7669723
1706176203.7739718
1706176203.7859733
1706176203.7919722
1706176203.8039773
1706176203.8159735
1706176203.8219743
1706176203.8349707
1706176203.840971
1706176203.8529723
1706176203.859989
1706176203.8679817
1706176203.882976
1706176203.8902347
1706176203.8982341
1706176203.912233
1706176203.922236
1706176203.932235
1706176203.9442358
1706176203.9572322
1706176203.969232
1706176203.9762344
1706176203.990233
1706176203.9982336
1706176204.0052288
1706176204.0182314
1706176204.0292351
1706176204.0352292
1706176204.0482295
1706176204.0542302
1706176204.065227
1706176204.0742257
1706176204.0812292
1706176204.0942304
1706176204.100225
1706176204.1102254
1706176204.1192255
1706176204.126226
1706176204.1392238
1706176204.1452231
1706176204.1562285
1706176204.1622226
1706176204.172223
1706176204.179223
1706176204.1892235
1706176204.2002225
1706176204.2072244
1706176204.221221
1706176204.2332199
1706176204.238225
1706176204.2512228
1706176204.263221
1706176204.269225
1706176204.2812197
1706176204.2872174
1706176204.2982194
1706176204.30322
1706176204.3142169
1706176204.3202193
1706176204.3252206
1706176204.3322232
1706176204.3432398
1706176204.3502176
1706176204.3632224
1706176204.3722174
1706176204.3862178
1706176204.3932276
1706176204.4012165
1706176204.4072182
1706176204.4232197
1706176204.4312174
1706176204.4512186
1706176204.4652169
1706176204.471215
1706176204.4842172
1706176204.495217
1706176204.502214
1706176204.5112169
1706176204.5182111
1706176204.5312092
1706176204.5382113
1706176204.5452106
1706176204.557209
1706176204.5642128
1706176204.574213
1706176204.5842094
1706176204.591209
1706176204.6042125
1706176204.6102095
1706176204.621207
1706176204.6272101
1706176204.6372144
1706176204.6462045
1706176204.6522086
1706176204.662208
1706176204.6692064
1706176204.6812067
1706176204.686207
1706176204.6982143
1706176204.704208
1706176204.713213
1706176204.7262123
1706176204.7322035
1706176204.7432203
1706176204.7492063
1706176204.7592046
1706176204.769203
1706176204.776212
1706176204.7872012
1706176204.7942085
1706176204.805202
1706176204.8172052
1706176204.8232
1706176204.835206
1706176204.841202
1706176204.8521988
1706176204.8612041
1706176204.8672063
1706176204.8792064
1706176204.8861976
1706176204.897972
1706176204.9035656
1706176204.916565
1706176204.9225643
1706176204.9295597
1706176204.9355621
1706176204.9455607
1706176204.9555635
1706176204.9625587
1706176204.974563
1706176204.9875634
1706176204.994559
1706176205.0045574
1706176205.011558
1706176205.0225616
1706176205.0345597
1706176205.0415616
1706176205.0545588
1706176205.0665603
1706176205.0735588
1706176205.0875578
1706176205.0985577
1706176205.105559
1706176205.1185584
1706176205.131558
1706176205.1385567
1706176205.150559
1706176205.158557
1706176205.1655567
1706176205.179557
1706176205.1855521
1706176205.1965508
1706176205.2075617
1706176205.214551
1706176205.2255528
1706176205.2325492
1706176205.2445493
1706176205.249553
1706176205.2605522
1706176205.2725508
1706176205.2785485
1706176205.289551
1706176205.2965505
1706176205.30755
1706176205.3175502
1706176205.3245466
1706176205.3355477
1706176205.3415487
1706176205.3535452
1706176205.3595753
1706176205.372548
1706176205.3845518
1706176205.3905485
1706176205.4015512
1706176205.4075444
1706176205.4215457
1706176205.4285505
1706176205.4345431
1706176205.447549
1706176205.4535475
1706176205.465546
1706176205.4715476
1706176205.4835413
1706176205.4915433
1706176205.498541
1706176205.5095458
1706176205.515541
1706176205.5285447
1706176205.5345395
1706176205.5455437
1706176205.5505426
1706176205.5615418
1706176205.5715425
1706176205.578539
1706176205.59054
1706176205.5975418
1706176205.60754
1706176205.619537
1706176205.6265478
1706176205.6375377
1706176205.6435406
1706176205.6545377
1706176205.665536
1706176205.6725364
1706176205.6845355
1706176205.6895385
1706176205.700534
1706176205.7125409
1706176205.718543
1706176205.7305372
1706176205.7365367
1706176205.7475414
1706176205.755534
1706176205.7625344
1706176205.773532
1706176205.7805321
1706176205.7915351
1706176205.7975354
1706176205.8075314
1706176205.818532
1706176205.8235352
1706176205.8375325
1706176205.8505342
1706176205.8575308
1706176205.8685324
1706176205.8815324
1706176205.8885324
1706176205.8974588
1706176205.9039488
1706176205.916948
1706176205.933949
1706176205.9419477
1706176205.9499483
1706176205.9649484
1706176205.9719493
1706176205.9809475
1706176205.9939487
1706176206.0049446
1706176206.0129428
1706176206.0259445
1706176206.0359426
1706176206.0439446
1706176206.05594
1706176206.0619397
1706176206.0729425
1706176206.0799425
1706176206.0899389
1706176206.0959399
1706176206.1049385
1706176206.1159394
1706176206.1219416
1706176206.1339376
1706176206.1399379
1706176206.1519375
1706176206.1569405
1706176206.1679366
1706176206.1799405
1706176206.1859398
1706176206.194939
1706176206.2019355
1706176206.2139378
1706176206.2209392
1706176206.2309384
1706176206.2369363
1706176206.2429578
1706176206.2509358
1706176206.2619371
1706176206.2709339
1706176206.2779374
1706176206.2899396
1706176206.2959318
1706176206.3069313
1706176206.313932
1706176206.3229313
1706176206.3339324
1706176206.340932
1706176206.3519297
1706176206.3579297
1706176206.3699298
1706176206.3759477
1706176206.3879366
1706176206.3959332
1706176206.4019322
1706176206.4139323
1706176206.419933
1706176206.4319267
1706176206.4379299
1706176206.451929
1706176206.4579287
1706176206.4649262
1706176206.4709287
1706176206.480928
1706176206.4899244
1706176206.4979293
1706176206.5099258
1706176206.515924
1706176206.5269306
1706176206.5379372
1706176206.5449295
1706176206.556923
1706176206.5629263
1706176206.572928
1706176206.5789301
1706176206.589927
1706176206.6009314
1706176206.6079237
1706176206.619921
1706176206.6269267
1706176206.6379194
1706176206.6489215
1706176206.6549213
1706176206.6669192
1706176206.6729214
1706176206.6839232
1706176206.6899195
1706176206.699919
1706176206.7109263
1706176206.7179196
1706176206.7309215
1706176206.741931
1706176206.7489183
1706176206.760921
1706176206.766916
1706176206.777918
1706176206.783923
1706176206.7939215
1706176206.7999146
1706176206.8109214
1706176206.821918
1706176206.828914
1706176206.8409219
1706176206.8509166
1706176206.8589165
1706176206.8729131
1706176206.8859196
1706176206.8939207
1706176206.9079642
1706176206.9159815
1706176206.9229794
1706176206.9359777
1706176206.951984
1706176206.9649787
1706176206.972978
1706176206.9849782
1706176206.9939792
1706176207.000974
1706176207.0119817
1706176207.0179758
1706176207.030972
1706176207.0419717
1706176207.0479748
1706176207.0599735
1706176207.0669727
1706176207.0779765
1706176207.0849721
1706176207.0909724
1706176207.1039724
1706176207.109973
1706176207.1209733
1706176207.1269717
1706176207.1379702
1706176207.1439729
1706176207.153968
1706176207.1629682
1706176207.1689684
1706176207.1799772
1706176207.1859672
1706176207.1979678
1706176207.2039666
1706176207.213967
1706176207.221968
1706176207.2289689
1706176207.2399666
1706176207.245968
1706176207.2579653
1706176207.2639675
1706176207.2739716
1706176207.284966
1706176207.2919629
1706176207.302963
1706176207.3099668
1706176207.3219645
1706176207.3279653
1706176207.3369632
1706176207.348972
1706176207.354965
1706176207.3669612
1706176207.37296
1706176207.38496
1706176207.3909657
1706176207.40096
1706176207.4069622
1706176207.4179673
1706176207.4239635
1706176207.4309614
1706176207.4439595
1706176207.4499595
1706176207.461966
1706176207.4729633
1706176207.4829586
1706176207.4929583
1706176207.4989593
1706176207.5099592
1706176207.5159566
1706176207.525961
1706176207.5339544
