1706176146.6189027
1706176146.6366704
1706176146.6536925
1706176146.669682
1706176146.6826868
1706176146.6976786
1706176146.7116787
1706176146.7236798
1706176146.7366962
1706176146.7526796
1706176146.7636805
1706176146.7776842
1706176146.7926812
1706176146.806678
1706176146.821676
1706176146.8356817
1706176146.8486807
1706176146.8636806
1706176146.8796816
1706176146.8956823
1706176146.908673
1706176146.9186783
1706176146.931672
1706176146.9456704
1706176146.9596736
1706176146.9726686
1706176146.9836752
1706176146.9956732
1706176147.0096698
1706176147.025668
1706176147.0376673
1706176147.055671
1706176147.0686707
1706176147.0796664
1706176147.091669
1706176147.104671
1706176147.1176662
1706176147.1326702
1706176147.155678
1706176147.1666634
1706176147.1796663
1706176147.1936612
1706176147.2066672
1706176147.2206657
1706176147.2336688
1706176147.2546642
1706176147.2716618
1706176147.2846627
1706176147.2976608
1706176147.3096604
1706176147.3206594
1706176147.3326592
1706176147.3466594
1706176147.360659
1706176147.375566
1706176147.386508
1706176147.3965042
1706176147.4105031
1706176147.423507
1706176147.4365108
1706176147.4485016
1706176147.4635005
1706176147.4775033
1706176147.4874976
1706176147.5015028
1706176147.5135036
1706176147.527499
1706176147.5404987
1706176147.550497
1706176147.5624962
1706176147.5754967
1706176147.5884962
1706176147.5984964
1706176147.6105022
1706176147.6235087
1706176147.6391814
1706176147.6571808
1706176147.6751757
1706176147.6891804
1706176147.7021744
1706176147.7141721
1706176147.7281723
1706176147.7451706
1706176147.7561715
1706176147.766172
1706176147.7791674
1706176147.79817
1706176147.8161688
1706176147.8291688
1706176147.8431704
1706176147.8541667
1706176147.864167
1706176147.8761687
1706176147.8881662
1706176147.8991668
1706176147.9091651
1706176147.9251668
1706176147.939163
1706176147.9511662
1706176147.9661636
1706176147.9821653
1706176147.9971693
1706176148.0111718
1706176148.025162
1706176148.0411675
1706176148.0521734
1706176148.0651636
1706176148.0781581
1706176148.0911589
1706176148.103158
1706176148.1181574
1706176148.1311874
1706176148.145166
1706176148.159159
1706176148.172156
1706176148.1851642
1706176148.202165
1706176148.2141552
1706176148.2271554
1706176148.2381544
1706176148.2511563
1706176148.265154
1706176148.2791567
1706176148.2961576
1706176148.3111532
1706176148.327157
1706176148.3431523
1706176148.3571513
1706176148.3721514
1706176148.3853695
1706176148.3993626
1706176148.4133637
1706176148.4283617
1706176148.4383616
1706176148.4503598
1706176148.4633615
1706176148.4779058
1706176148.4909012
1706176148.500903
1706176148.512903
1706176148.5259013
1706176148.5389035
1706176148.5468996
1706176148.559901
1706176148.572904
1706176148.5858994
1706176148.5948992
1706176148.6099007
1706176148.6229002
1706176148.634906
1706176148.647904
1706176148.6629024
1706176148.6778984
1706176148.6868987
1706176148.7019002
1706176148.7158961
1706176148.7298968
1706176148.7438955
1706176148.756897
1706176148.7718933
1706176148.781895
1706176148.7948935
1706176148.806894
1706176148.8208935
1706176148.833905
1706176148.8478928
1706176148.8609052
1706176148.873893
1706176148.8878903
1706176148.89989
1706176148.9158964
1706176148.9298875
1706176148.942887
1706176148.956885
1706176148.9668882
1706176148.979889
1706176148.9958878
1706176149.007888
1706176149.0208845
1706176149.0298886
1706176149.0428874
1706176149.0558853
1706176149.0668879
1706176149.076885
1706176149.0918858
1706176149.1038847
1706176149.1158826
1706176149.1248817
1706176149.1388865
1706176149.151891
1706176149.1718864
1706176149.183882
1706176149.19788
1706176149.211879
1706176149.224877
1706176149.2338796
1706176149.2468774
1706176149.2598798
1706176149.271877
1706176149.2818763
1706176149.2938795
1706176149.308875
1706176149.3218765
1706176149.3328767
1706176149.3438833
1706176149.354874
1706176149.3678749
1706176149.380879
1706176149.392985
1706176149.4024339
1706176149.4154315
1706176149.4294336
1706176149.444436
1706176149.4594386
1706176149.4724424
1706176149.4884424
1706176149.5114362
1706176149.5274363
1706176149.5474296
1706176149.5594466
1706176149.5704298
1706176149.5834312
1706176149.5974274
1706176149.6114264
1706176149.6254249
1706176149.6344278
1706176149.646427
1706176149.6624281
1706176149.677429
1706176149.6924255
1706176149.7054248
1706176149.7224245
1706176149.7364395
1706176149.7504292
1706176149.7604256
1706176149.7754211
1706176149.7874255
1706176149.7994204
1706176149.8114212
1706176149.8264174
1706176149.8354228
1706176149.8474202
1706176149.8614163
1706176149.8734186
1706176149.8884196
1706176149.8984244
1706176149.9094155
1706176149.92342
1706176149.9344172
1706176149.9484153
1706176149.9584165
1706176149.971414
1706176149.9834244
1706176149.9964166
1706176150.0074134
1706176150.0194137
1706176150.0304122
1706176150.0434132
1706176150.0524135
1706176150.0654135
1706176150.0784113
1706176150.0904126
1706176150.1014214
1706176150.1224072
1706176150.1314106
1706176150.14341
1706176150.156409
1706176150.1724107
1706176150.185407
1706176150.1954167
1706176150.2074077
1706176150.2224088
1706176150.2344093
1706176150.2464037
1706176150.2614255
1706176150.2724116
1706176150.285406
1706176150.2984056
1706176150.3144052
1706176150.3294067
1706176150.3444211
1706176150.359957
1706176150.3759522
1706176150.3899522
1706176150.4053593
1706176150.41756
1706176150.4275584
1706176150.44056
1706176150.4535575
1706176150.4655561
1706176150.4765835
1706176150.486556
1706176150.4985561
1706176150.5105555
1706176150.5205576
1706176150.5325563
1706176150.5455577
1706176150.5575554
1706176150.5665567
1706176150.5795553
1706176150.592555
1706176150.605554
1706176150.6145554
1706176150.627554
1706176150.6403716
1706176150.6523683
1706176150.6613677
1706176150.6763673
1706176150.6903684
1706176150.7033691
1706176150.715363
1706176150.7283669
1706176150.743363
1706176150.754369
1706176150.7653613
1706176150.7773607
1706176150.7893658
1706176150.7983599
1706176150.8113678
1706176150.8243647
1706176150.8373675
1706176150.849358
1706176150.859363
1706176150.8763602
1706176150.8883576
1706176150.899357
1706176150.9123611
1706176150.9243617
1706176150.9353583
1706176150.9793568
1706176150.997355
1706176151.0103538
1706176151.0223534
1706176151.031353
1706176151.0433567
1706176151.0563538
1706176151.0683553
1706176151.08035
1706176151.0903533
1706176151.1033523
1706176151.1173503
1706176151.1303477
1706176151.1433523
1706176151.1523502
1706176151.1653478
1706176151.1773477
1706176151.1903489
1706176151.204349
1706176151.2143486
1706176151.2263465
1706176151.2393572
1706176151.2493541
1706176151.2673616
1706176151.2773495
1706176151.2903473
1706176151.3043454
1706176151.3193448
1706176151.332345
1706176151.346346
1706176151.3593569
1706176151.3713431
1706176151.3843467
1706176151.397342
1706176151.413685
1706176151.4264657
1706176151.4404685
1706176151.4494648
1706176151.4614644
1706176151.474468
1706176151.487471
1706176151.5034637
1706176151.5164618
1706176151.526463
1706176151.5434694
1706176151.553459
1706176151.5654604
1706176151.5774586
1706176151.5864618
1706176151.6004646
1706176151.6124592
1706176151.6244566
1706176151.6344674
1706176151.6464572
1706176151.6604552
1706176151.6724575
1706176151.6814597
1706176151.6934602
1706176151.7084613
1706176151.7214558
1706176151.7344599
1706176151.7494557
1706176151.7614605
1706176151.7724557
1706176151.7834616
1706176151.7944503
1706176151.807449
1706176151.8174548
1706176151.8304534
1706176151.8434503
1706176151.8554504
1706176151.8654525
1706176151.8774512
1706176151.8924499
1706176151.9044492
1706176151.9194496
1706176151.9284496
1706176151.9414492
1706176151.9544473
1706176151.966447
1706176151.9754472
1706176151.9864478
1706176151.999454
1706176152.0124478
1706176152.0264504
1706176152.0424426
1706176152.0544436
1706176152.0634491
1706176152.0764463
1706176152.0884497
1706176152.0964417
1706176152.109445
1706176152.1224408
1706176152.13544
1706176152.1484437
1706176152.1584466
1706176152.1714423
1706176152.184447
1706176152.1984372
1706176152.2114444
1706176152.226443
1706176152.2374387
1706176152.2484353
1706176152.2634392
1706176152.2774363
1706176152.2894356
1706176152.2984374
1706176152.311436
1706176152.325432
1706176152.3374393
1706176152.3474445
1706176152.360439
1706176152.3724327
1706176152.3854344
1706176152.3964317
1706176152.4064298
1706176152.4202213
1706176152.4352233
1706176152.4492261
1706176152.4632201
1706176152.4782164
1706176152.4902177
1706176152.503238
1706176152.5152164
1706176152.5302155
1706176152.5432165
1706176152.559221
1706176152.5732126
1706176152.585214
1706176152.5952282
1706176152.6082103
1706176152.6202087
1706176152.6332138
1706176152.6462095
1706176152.660209
1706176152.6702082
1706176152.6812067
1706176152.6932077
1706176152.7022097
1706176152.716209
1706176152.7282126
1706176152.7402043
1706176152.7502136
1706176152.7622082
1706176152.7772083
1706176152.7912078
1706176152.8022058
1706176152.8112025
1706176152.824204
1706176152.836203
1706176152.8442023
1706176152.856202
1706176152.868202
1706176152.8802009
1706176152.8902
1706176152.9022017
1706176152.9122012
1706176152.9232025
1706176152.9332047
1706176152.946199
1706176152.9592113
1706176152.970198
1706176152.981198
1706176152.9911997
1706176153.0002017
1706176153.0131986
1706176153.0251966
1706176153.0331972
1706176153.046199
1706176153.058195
1706176153.071195
1706176153.0791943
1706176153.0911934
1706176153.1031997
1706176153.1121945
1706176153.1251929
1706176153.137195
1706176153.1471927
1706176153.1561944
1706176153.1681967
1706176153.1791923
1706176153.1931887
1706176153.2041962
1706176153.2171938
1706176153.229191
1706176153.2411911
1706176153.2491908
1706176153.2641916
1706176153.2761874
1706176153.2881866
1706176153.3031926
1706176153.312186
1706176153.3241851
1706176153.336185
1706176153.3441842
1706176153.3571837
1706176153.3681903
1706176153.3801856
1706176153.389191
1706176153.401184
1706176153.4121847
1706176153.426728
1706176153.4372659
1706176153.4482636
1706176153.4602642
1706176153.4682634
1706176153.4792643
1706176153.4922652
1706176153.499265
1706176153.5132635
1706176153.5262601
1706176153.53726
1706176153.5462594
1706176153.55926
1706176153.5722628
1706176153.5832615
1706176153.598262
1706176153.6072617
1706176153.6202588
1706176153.6332629
1706176153.6452577
1706176153.657261
1706176153.6702573
1706176153.6862614
1706176153.6992579
1706176153.713259
1706176153.7282555
1706176153.743259
1706176153.757252
1706176153.773253
1706176153.787258
1706176153.797252
1706176153.809253
1706176153.822249
1706176153.8292499
1706176153.8412492
1706176153.852251
1706176153.8652475
1706176153.8742487
1706176153.8862474
1706176153.8972485
1706176153.9062483
1706176153.9182487
1706176153.9292483
1706176153.9392488
1706176153.9532497
1706176153.967249
1706176153.981249
1706176153.9932475
1706176154.0072446
1706176154.0172467
1706176154.0292482
1706176154.043245
1706176154.0572448
1706176154.0712445
1706176154.0852451
1706176154.0942402
1706176154.1052413
1706176154.115242
1706176154.1252406
1706176154.1372392
1706176154.1472375
1706176154.1562414
1706176154.1682398
1706176154.1782405
1706176154.1882374
1706176154.1992376
1706176154.2092397
1706176154.220244
1706176154.2332425
1706176154.2452412
1706176154.2562366
1706176154.2662358
1706176154.2812374
1706176154.2932363
1706176154.3062356
1706176154.3232439
1706176154.3382359
1706176154.3462353
1706176154.3602345
1706176154.3722355
1706176154.385245
1706176154.3972304
1706176154.4072297
1706176154.41923
1706176154.430397
1706176154.4433937
1706176154.4543982
1706176154.468396
1706176154.4813962
1706176154.4954004
1706176154.510411
1706176154.5244002
1706176154.5403945
1706176154.5563936
1706176154.5723915
1706176154.5893946
1706176154.6063964
1706176154.6193902
1706176154.6283886
1706176154.6413956
1706176154.6543882
1706176154.6623876
1706176154.6743925
1706176154.6853914
1706176154.694385
1706176154.7063859
1706176154.7183902
1706176154.7303896
1706176154.739388
1706176154.7523856
1706176154.7633955
1706176154.7733831
1706176154.7863917
1706176154.7973814
1706176154.8093834
1706176154.820387
1706176154.8313808
1706176154.843381
1706176154.8503847
1706176154.8623812
1706176154.8753798
1706176154.8833814
1706176154.8953788
1706176154.907383
1706176154.915378
1706176154.927383
1706176154.940379
1706176154.9523804
1706176154.9613757
1706176154.974376
1706176154.9863753
1706176154.9973788
1706176155.0093772
1706176155.023378
1706176155.034376
1706176155.0473812
1706176155.0583768
1706176155.0673764
1706176155.0793746
1706176155.0913815
1706176155.1073806
1706176155.126373
1706176155.1393743
1706176155.1523721
1706176155.162375
1706176155.1763728
1706176155.1903713
1706176155.203372
1706176155.2163713
1706176155.2303708
1706176155.2423728
1706176155.2563684
1706176155.2673686
1706176155.2793727
1706176155.2933671
1706176155.3033695
1706176155.3153665
1706176155.3273723
1706176155.3393624
1706176155.3493655
1706176155.361364
1706176155.3723643
1706176155.3823667
1706176155.3933613
1706176155.405365
1706176155.4193664
1706176155.427442
1706176155.4395916
1706176155.450594
1706176155.4585867
1706176155.4695876
1706176155.4795878
1706176155.493586
1706176155.5035865
1706176155.514586
1706176155.5265892
1706176155.5395868
1706176155.55059
1706176155.5625856
1706176155.5755906
1706176155.5835893
1706176155.5955834
1706176155.6065931
1706176155.6145937
1706176155.6285822
1706176155.6425838
1706176155.6532457
1706176155.6622496
1706176155.6752484
1706176155.6872463
1706176155.6972437
1706176155.7062461
1706176155.7182496
1706176155.7312458
1706176155.7442443
1706176155.7542417
1706176155.7652411
1706176155.7792435
1706176155.7922442
1706176155.8002434
1706176155.8122413
1706176155.8252413
1706176155.8332417
1706176155.8452382
1706176155.8582482
1706176155.8692389
1706176155.877238
1706176155.8902414
1706176155.9022374
1706176155.9092393
1706176155.9222424
1706176155.9352415
1706176155.9472344
1706176155.957237
1706176155.9702382
1706176155.9842403
1706176155.9972367
1706176156.011239
1706176156.0212348
1706176156.0332353
1706176156.0472353
1706176156.0592346
1706176156.074233
1706176156.083232
1706176156.0952313
1706176156.1082346
1706176156.120235
1706176156.129232
1706176156.1422281
1706176156.1552303
1706176156.1632273
1706176156.175227
1706176156.1862295
1706176156.1982293
1706176156.2072258
1706176156.21923
1706176156.2322283
1706176156.2442245
1706176156.2592266
1706176156.269226
1706176156.2812264
1706176156.2942257
1706176156.3032234
1706176156.3152256
1706176156.3282244
1706176156.3402224
1706176156.349227
1706176156.3622215
1706176156.3742282
1706176156.381221
1706176156.3932226
1706176156.405222
1706176156.4132197
1706176156.4252193
1706176156.4363992
1706176156.4443858
1706176156.4573846
1706176156.4703872
1706176156.4813855
1706176156.4903858
1706176156.5023894
1706176156.5123854
1706176156.5223837
1706176156.533385
1706176156.5453842
1706176156.5543833
1706176156.565382
1706176156.578387
1706176156.5893822
1706176156.5993845
1706176156.6113856
1706176156.6223803
1706176156.630381
1706176156.6423795
1706176156.6553826
1706176156.6683795
1706176156.6763775
1706176156.6903777
1706176156.702382
1706176156.7103803
1706176156.7233856
1706176156.7413769
1706176156.7523823
1706176156.7633748
1706176156.7723806
1706176156.786374
1706176156.799376
1706176156.8093786
1706176156.8183742
1706176156.8303788
1706176156.8423738
1706176156.8543792
1706176156.8633714
1706176156.8753715
1706176156.8873708
1706176156.89637
1706176156.910377
1706176156.9243762
1706176156.9383776
1706176156.9503765
1706176156.9653723
1706176156.9773734
1706176156.994369
1706176157.0103667
1706176157.021369
1706176157.0333717
1706176157.045368
1706176157.0583687
1706176157.066366
1706176157.0793667
1706176157.0933633
1706176157.1053631
1706176157.1183643
1706176157.1273642
1706176157.1413615
1706176157.1523635
1706176157.1593618
1706176157.17236
1706176157.183366
1706176157.192363
1706176157.205362
1706176157.2173643
1706176157.2283618
1706176157.2393675
1706176157.2513618
1706176157.263361
1706176157.2753637
1706176157.2913609
1706176157.3003595
1706176157.3123603
1706176157.325357
1706176157.339362
1706176157.3473542
1706176157.35936
1706176157.370354
1706176157.379358
1706176157.3923545
1706176157.4043548
1706176157.418355
1706176157.427352
1706176157.4403508
1706176157.4516091
1706176157.4599164
1706176157.470922
1706176157.482919
1706176157.4909196
1706176157.5039136
1706176157.5149143
1706176157.5239143
1706176157.5369163
1706176157.5489151
1706176157.5599139
1706176157.575914
1706176157.5919175
1706176157.6009173
1706176157.6119118
1706176157.6239104
1706176157.6319094
1706176157.6429095
1706176157.654913
1706176157.6659098
1706176157.674908
1706176157.6899087
1706176157.7009075
1706176157.7119105
1706176157.7229156
1706176157.735908
1706176157.746906
1706176157.763907
1706176157.7749054
1706176157.7899063
1706176157.799909
1706176157.8129067
1706176157.8239036
1706176157.8379035
1706176157.8509037
1706176157.860903
1706176157.873906
1706176157.8859022
1706176157.895902
1706176157.9049075
1706176157.9189117
1706176157.930906
1706176157.938904
1706176157.9499147
1706176157.960906
1706176157.9699004
1706176157.980898
1706176157.991897
1706176158.0009036
1706176158.0128996
1706176158.0259027
1706176158.0338986
1706176158.0448964
1706176158.0588987
1706176158.0728986
1706176158.0848975
1706176158.0939
1706176158.107898
1706176158.1218977
1706176158.1348963
1706176158.1458974
1706176158.1558924
1706176158.1698933
1706176158.1848948
1706176158.1988957
1706176158.213892
1706176158.2258909
1706176158.2408972
1706176158.2488894
1706176158.2618904
1706176158.2758946
1706176158.287889
1706176158.2978866
1706176158.3088913
1706176158.3228903
1706176158.3348877
1706176158.3428884
1706176158.3558853
1706176158.3668966
1706176158.3778875
1706176158.3878841
1706176158.400889
1706176158.412887
1706176158.424886
1706176158.4348874
1706176158.4478836
1706176158.4614813
1706176158.4755795
1706176158.487579
1706176158.4975784
1706176158.5095792
1706176158.5215774
1706176158.5325787
1706176158.5425813
1706176158.5565782
1706176158.5685773
1706176158.5795739
1706176158.5895755
1706176158.5995755
1706176158.6125762
1706176158.6215706
1706176158.6325722
1706176158.6425693
1706176158.65257
1706176158.6635704
1706176158.674569
1706176158.683572
1706176158.69457
1706176158.7075698
1706176158.7165737
1706176158.7295766
1706176158.7415705
1706176158.7545693
1706176158.762568
1706176158.774567
1706176158.7895694
1706176158.8015716
1706176158.809567
1706176158.8235667
1706176158.8355653
1706176158.8475654
1706176158.8555672
1706176158.8665679
1706176158.8795655
1706176158.8935635
1706176158.9035647
1706176158.9155624
1706176158.9285648
1706176158.9415708
